0.29
0.26
0.79
0.86
0.57
0.18
0.07
0.29
0.80
0.25
0.42
0.86
0.08
0.25
0.45
0.26
0.94
0.88
0.01
0.68
0.63
0.59
0.58
0.63
0.29
0.40
0.14
0.89
0.31
0.36
0.92
0.60
0.61
0.71
0.46
0.18
0.89
0.53
0.48
0.69
0.78
0.90
0.55
0.86
0.15
0.00
0.12
0.09
0.88
0.13
0.77
0.51
0.71
0.34
0.14
0.01
0.74
0.28
0.90
0.05
0.63
0.82
0.64
0.25
0.53
0.10
0.43
0.42
0.63
0.91
0.12
0.41
0.81
0.66
0.27
0.96
0.66
0.39
0.05
0.54
0.52
0.81
0.05
0.23
0.16
0.19
0.24
0.90
0.47
0.14
0.95
0.10
0.96
0.59
0.35
0.49
0.69
0.78
0.91
0.32
0.68
0.03
0.73
0.49
0.69
0.01
0.45
0.36
0.40
0.49
0.90
0.92
0.31
0.95
0.15
0.46
0.14
0.39
0.36
0.60
0.53
0.31
0.71
0.48
0.90
0.05
0.97
0.60
0.83
0.88
0.92
0.51
0.91
0.65
1.00
0.60
0.66
0.45
0.96
0.06
0.94
0.85
0.98
0.25
0.80
0.13
0.71
0.94
0.52
0.07
0.54
0.05
0.38
0.25
0.53
0.29
0.30
0.50
0.88
0.13
0.38
0.80
0.64
0.29
0.45
0.63
0.90
0.11
0.08
0.85
0.17
0.02
0.71
0.15
0.27
0.51
0.28
0.98
0.44
0.80
0.05
0.99
0.85
0.43
0.23
0.38
0.72
0.53
0.88
0.60
0.66
0.26
0.39
0.29
0.56
0.85
0.93
0.45
0.96
0.01
0.31
0.13
0.03
0.01
0.28
0.30
0.52
0.57
0.27
0.96
0.37
0.32
0.95
0.22
0.75
0.19
0.60
0.47
0.72
0.48
0.06
0.38
0.75
0.46
0.67
0.31
0.30
0.60
0.76
0.26
0.61
0.07
0.39
0.64
0.08
0.68
0.94
0.60
0.25
0.21
0.57
0.62
0.53
0.52
0.84
0.28
0.70
0.44
0.75
0.42
0.93
0.81
0.80
0.68
0.27
0.47
0.98
0.57
0.07
0.74
0.84
0.68
0.81
0.23
0.32
0.90
0.91
0.25
0.50
0.16
0.47
0.06
0.77
1.00
0.58
0.61
0.28
0.29
0.05
0.03
0.71
0.98
0.84
0.50
0.66
0.11
0.97
0.64
0.69
0.04
0.38
0.52
0.71
0.20
0.76
0.03
0.09
0.67
0.28
0.59
0.82
0.75
0.65
0.59
0.75
0.23
0.21
0.03
0.52
0.26
0.06
0.23
0.24
0.90
0.73
0.90
0.02
0.70
0.54
0.70
0.74
0.92
0.23
0.45
0.11
0.98
0.48
0.20
0.65
0.77
0.79
0.47
0.52
0.44
0.06
0.26
0.68
0.27
0.29
0.20
0.53
0.35
0.43
0.77
0.26
0.16
0.67
0.27
0.86
0.20
0.98
0.60
0.12
0.20
0.06
0.23
0.19
0.54
0.44
0.83
0.30
0.23
0.30
0.82
0.67
0.37
0.09
0.35
0.64
0.38
0.55
0.16
0.73
0.97
0.94
0.99
0.13
0.60
0.26
0.99
0.81
0.23
0.59
0.93
0.44
0.65
0.16
0.62
0.19
0.60
0.46
0.49
0.83
0.76
0.31
0.50
0.13
0.40
0.85
0.76
0.78
0.39
0.93
0.51
0.37
0.86
0.49
0.50
0.47
0.75
0.49
0.27
0.99
0.08
0.20
0.42
0.73
0.37
0.04
0.92
0.97
0.50
0.41
0.79
0.26
0.72
0.29
0.39
0.12
0.14
0.15
0.90
0.53
0.08
0.41
0.90
0.95
0.90
0.39
0.41
0.65
0.88
0.69
0.64
0.96
0.89
0.06
0.69
0.26
0.11
0.61
0.22
0.61
0.01
0.02
0.87
0.74
0.31
0.26
0.86
0.45
0.41
0.76
0.98
0.50
0.16
0.88
0.44
0.07
0.28
0.86
0.72
0.16
0.55
0.36
0.12
0.44
0.42
0.81
0.69
0.53
0.42
0.92
0.13
0.43
0.93
0.00
0.17
0.24
0.26
0.03
0.69
0.68
0.78
0.68
0.17
0.95
0.56
0.62
0.01
0.84
0.47
0.73
1.00
0.02
0.09
0.11
0.46
0.51
0.92
0.15
0.04
0.34
0.07
0.17
0.77
0.00
0.17
0.94
0.25
0.43
0.97
0.94
0.11
0.75
0.62
0.28
0.69
0.18
0.89
0.70
0.02
0.37
0.43
0.01
0.39
0.52
0.13
0.84
0.03
0.05
0.99
0.07
0.39
0.06
0.24
0.17
0.06
0.41
0.11
0.31
0.84
0.07
0.25
0.94
0.82
0.87
0.22
0.51
0.05
0.12
0.21
0.07
0.48
0.65
0.08
0.87
0.17
0.21
0.72
0.20
0.26
0.71
0.27
0.65
0.77
0.51
0.82
0.84
0.91
0.92
0.15
0.75
0.99
0.40
0.69
0.81
0.26
0.91
0.32
0.31
0.03
0.54
0.38
0.51
0.18
0.46
0.38
0.35
0.66
0.10
0.56
0.92
0.81
0.83
0.57
0.58
0.33
0.39
0.42
0.24
0.31
0.56
0.99
0.30
0.96
0.68
0.11
0.22
0.59
0.43
0.53
0.62
0.97
0.91
0.13
0.15
0.37
0.52
0.51
0.03
0.61
0.06
0.95
0.42
0.89
0.52
0.00
0.22
0.90
0.42
0.46
0.21
0.98
0.46
0.51
0.93
0.14
0.63
0.15
0.73
0.06
0.69
0.36
0.03
0.60
0.49
0.18
0.96
0.00
0.69
0.99
0.62
0.75
0.94
0.04
0.64
0.45
0.04
0.86
0.36
0.46
0.32
0.57
0.43
0.78
0.08
0.37
0.92
0.71
0.52
0.65
0.77
0.21
0.01
0.79
0.81
0.50
0.98
0.77
0.50
0.67
0.76
0.12
0.42
0.69
0.16
0.05
0.14
0.20
0.91
0.50
0.65
0.23
0.07
0.09
0.01
0.15
0.46
0.93
0.86
0.98
0.58
0.62
0.19
0.58
0.42
1.00
0.08
0.40
0.76
0.58
0.06
0.52
0.70
0.48
0.21
0.86
0.53
0.36
0.06
0.44
0.86
0.71
0.67
0.93
0.80
0.68
0.08
0.25
0.61
0.94
0.23
0.18
0.56
0.42
0.77
0.98
0.42
0.85
0.38
0.19
0.43
0.44
0.71
0.14
0.92
0.92
1.00
0.45
0.28
0.05
0.89
0.14
0.77
0.56
0.07
0.56
0.24
0.15
0.82
0.85
0.09
0.05
0.03
0.66
0.48
0.80
0.64
0.90
0.65
0.02
0.08
0.08
0.46
0.79
0.22
0.38
0.71
0.21
0.83
0.99
0.27
0.71
0.14
0.03
0.27
0.21
0.59
0.51
0.36
0.41
0.36
0.46
0.47
0.39
0.11
0.94
0.19
0.76
0.84
0.84
0.78
0.92
0.92
0.24
0.71
0.14
0.62
0.42
0.35
0.45
0.42
0.61
0.16
0.55
0.64
0.43
0.76
0.24
0.94
0.12
0.65
0.30
0.58
0.12
0.69
0.69
0.06
0.88
0.45
0.90
0.71
0.23
0.82
0.63
0.48
0.54
0.77
0.10
0.96
0.12
0.55
0.38
0.73
0.71
0.93
0.38
0.14
0.69
0.61
0.08
0.81
0.27
0.38
0.39
0.39
0.07
0.08
0.45
0.94
0.53
0.35
0.66
0.76
0.18
0.29
0.23
0.71
0.06
0.33
0.67
0.18
0.88
0.05
0.91
0.59
0.98
0.28
0.72
0.67
0.90
0.80
0.47
0.17
0.18
0.86
0.55
0.25
0.94
0.00
0.19
0.46
0.35
0.85
0.22
0.53
0.14
0.45
0.24
0.20
0.78
0.92
0.38
0.66
0.96
0.29
0.25
0.94
0.57
0.97
0.61
0.47
0.78
0.08
0.64
0.96
0.94
0.19
0.20
0.88
0.19
0.39
0.34
0.55
0.24
0.57
0.08
0.37
0.02
0.32
0.57
0.80
0.24
0.95
0.47
0.20
0.23
0.71
0.14
0.80
0.69
0.75
0.27
0.46
0.84
0.91
0.42
0.78
0.10
0.62
0.66
0.29
0.01
0.00
0.84
0.25
0.57
0.92
0.62
0.59
0.24
0.19
0.39
0.47
0.14
0.86
0.67
0.37
0.57
0.81
0.17
0.26
0.57
0.44
0.72
0.40
0.35
0.14
0.18
0.44
0.77
0.84
0.74
0.78
0.84
0.57
0.03
0.41
0.49
